   0.0050000   0.2344922
   0.0100000   0.2439844
   0.0150000   0.2534766
   0.0200000   0.2629688
   0.0250000   0.2724609
   0.0300000   0.2819531
   0.0350000   0.2914453
   0.0400000   0.3009375
   0.0450000   0.3104297
   0.0500000   0.3199219
   0.0550000   0.3294141
   0.0600000   0.3389063
   0.0650000   0.3483984
   0.0700000   0.3578906
   0.0750000   0.3673828
   0.0800000   0.3768750
   0.0850000   0.3863672
   0.0900000   0.3958594
   0.0950000   0.4053516
   0.1000000   0.4148437
   0.1050000   0.4243359
   0.1100000   0.4338281
   0.1150000   0.4433203
   0.1200000   0.4528125
   0.1250000   0.4623047
   0.1300000   0.4717969
   0.1350000   0.4812891
   0.1400000   0.4907812
   0.1450000   0.5002734
   0.1500000   0.5097656
   0.1550000   0.5192578
   0.1600000   0.5287500
   0.1650000   0.5382422
   0.1700000   0.5477344
   0.1750000   0.5572266
   0.1800000   0.5625000
   0.1850000   0.5625000
   0.1900000   0.5625000
   0.1950000   0.5625000
   0.2000000   0.5625000
   0.2050000   0.5625000
   0.2100000   0.5625000
   0.2150000   0.5625000
   0.2200000   0.5625000
   0.2250000   0.5625000
   0.2300000   0.5625000
   0.2350000   0.5625000
   0.2400000   0.5625000
   0.2450000   0.5625000
   0.2500000   0.5625000
   0.2550000   0.5625000
   0.2600000   0.5625000
   0.2650000   0.5625000
   0.2700000   0.5625000
   0.2750000   0.5625000
   0.2800000   0.5625000
   0.2850000   0.5625000
   0.2900000   0.5625000
   0.2950000   0.5625000
   0.3000000   0.5625000
   0.3050000   0.5625000
   0.3100000   0.5625000
   0.3150000   0.5625000
   0.3200000   0.5625000
   0.3250000   0.5625000
   0.3300000   0.5625000
   0.3350000   0.5625000
   0.3400000   0.5625000
   0.3450000   0.5625000
   0.3500000   0.5625000
   0.3550000   0.5625000
   0.3600000   0.5625000
   0.3650000   0.5625000
   0.3700000   0.5625000
   0.3750000   0.5625000
   0.3800000   0.5625000
   0.3850000   0.5625000
   0.3900000   0.5625000
   0.3950000   0.5625000
   0.4000000   0.5625000
   0.4050000   0.5625000
   0.4100000   0.5625000
   0.4150000   0.5625000
   0.4200000   0.5625000
   0.4250000   0.5625000
   0.4300000   0.5625000
   0.4350000   0.5625000
   0.4400000   0.5625000
   0.4450000   0.5625000
   0.4500000   0.5625000
   0.4550000   0.5625000
   0.4600000   0.5625000
   0.4650000   0.5625000
   0.4700000   0.5625000
   0.4750000   0.5625000
   0.4800000   0.5625000
   0.4850000   0.5625000
   0.4900000   0.5625000
   0.4950000   0.5625000
   0.5000000   0.5625000
   0.5050000   0.5625000
   0.5100000   0.5625000
   0.5150000   0.5625000
   0.5200000   0.5625000
   0.5250000   0.5625000
   0.5300000   0.5625000
   0.5350000   0.5625000
   0.5400000   0.5625000
   0.5450000   0.5625000
   0.5500000   0.5625000
   0.5550000   0.5625000
   0.5600000   0.5625000
   0.5650000   0.5625000
   0.5700000   0.5625000
   0.5750000   0.5625000
   0.5800000   0.5625000
   0.5850000   0.5625000
   0.5900000   0.5625000
   0.5950000   0.5625000
   0.6000000   0.5625000
   0.6050000   0.5625000
   0.6100000   0.5625000
   0.6150000   0.5625000
   0.6200000   0.5625000
   0.6250000   0.5625000
   0.6300000   0.5625000
   0.6350000   0.5625000
   0.6400000   0.5625000
   0.6450000   0.5625000
   0.6500000   0.5625000
   0.6550000   0.5625000
   0.6600000   0.5625000
   0.6650000   0.5625000
   0.6700000   0.5625000
   0.6750000   0.5625000
   0.6800000   0.5625000
   0.6850000   0.5625000
   0.6900000   0.5625000
   0.6950000   0.5625000
   0.7000000   0.5625000
   0.7050000   0.5625000
   0.7100000   0.5625000
   0.7150000   0.5625000
   0.7200000   0.5625000
   0.7250000   0.5625000
   0.7300000   0.5625000
   0.7350000   0.5625000
   0.7400000   0.5625000
   0.7450000   0.5625000
   0.7500000   0.5625000
   0.7550000   0.5625000
   0.7600000   0.5625000
   0.7650000   0.5625000
   0.7700000   0.5625000
   0.7750000   0.5625000
   0.7800000   0.5625000
   0.7850000   0.5625000
   0.7900000   0.5625000
   0.7950000   0.5625000
   0.8000000   0.5625000
   0.8050000   0.5625000
   0.8100000   0.5625000
   0.8150000   0.5625000
   0.8200000   0.5625000
   0.8250000   0.5625000
   0.8300000   0.5625000
   0.8350000   0.5625000
   0.8400000   0.5625000
   0.8450000   0.5625000
   0.8500000   0.5625000
   0.8550000   0.5614035
   0.8600000   0.5581395
   0.8650000   0.5549133
   0.8700000   0.5517241
   0.8750000   0.5485714
   0.8800000   0.5454545
   0.8850000   0.5423729
   0.8900000   0.5393258
   0.8950000   0.5363128
   0.9000000   0.5333333
   0.9050000   0.5303867
   0.9100000   0.5274725
   0.9150000   0.5245902
   0.9200000   0.5217391
   0.9250000   0.5189189
   0.9300000   0.5161290
   0.9350000   0.5133690
   0.9400000   0.5106383
   0.9450000   0.5079365
   0.9500000   0.5052632
   0.9550000   0.5026178
   0.9600000   0.5000000
   0.9650000   0.4974093
   0.9700000   0.4948454
   0.9750000   0.4923077
   0.9800000   0.4897959
   0.9850000   0.4873096
   0.9900000   0.4848485
   0.9950000   0.4824121
   1.0000000   0.4800000
   1.0050000   0.4776119
   1.0100000   0.4752475
   1.0150000   0.4729064
   1.0200000   0.4705882
   1.0250000   0.4682927
   1.0300000   0.4660194
   1.0350000   0.4637681
   1.0400000   0.4615385
   1.0450000   0.4593301
   1.0500000   0.4571429
   1.0550000   0.4549763
   1.0600000   0.4528302
   1.0650000   0.4507042
   1.0700000   0.4485981
   1.0750000   0.4465116
   1.0800000   0.4444444
   1.0850000   0.4423963
   1.0900000   0.4403670
   1.0950000   0.4383562
   1.1000000   0.4363636
   1.1050000   0.4343891
   1.1100000   0.4324324
   1.1150000   0.4304933
   1.1200000   0.4285714
   1.1250000   0.4266667
   1.1300000   0.4247788
   1.1350000   0.4229075
   1.1400000   0.4210526
   1.1450000   0.4192140
   1.1500000   0.4173913
   1.1550000   0.4155844
   1.1600000   0.4137931
   1.1650000   0.4120172
   1.1700000   0.4102564
   1.1750000   0.4085106
   1.1800000   0.4067797
   1.1850000   0.4050633
   1.1900000   0.4033613
   1.1950000   0.4016736
   1.2000000   0.4000000
   1.2050000   0.3983402
   1.2100000   0.3966942
   1.2150000   0.3950617
   1.2200000   0.3934426
   1.2250000   0.3918367
   1.2300000   0.3902439
   1.2350000   0.3886640
   1.2400000   0.3870968
   1.2450000   0.3855422
   1.2500000   0.3840000
   1.2550000   0.3824701
   1.2600000   0.3809524
   1.2650000   0.3794466
   1.2700000   0.3779528
   1.2750000   0.3764706
   1.2800000   0.3750000
   1.2850000   0.3735409
   1.2900000   0.3720930
   1.2950000   0.3706564
   1.3000000   0.3692308
   1.3050000   0.3678161
   1.3100000   0.3664122
   1.3150000   0.3650190
   1.3200000   0.3636364
   1.3250000   0.3622642
   1.3300000   0.3609023
   1.3350000   0.3595506
   1.3400000   0.3582090
   1.3450000   0.3568773
   1.3500000   0.3555556
   1.3550000   0.3542435
   1.3600000   0.3529412
   1.3650000   0.3516484
   1.3700000   0.3503650
   1.3750000   0.3490909
   1.3800000   0.3478261
   1.3850000   0.3465704
   1.3900000   0.3453237
   1.3950000   0.3440860
   1.4000000   0.3428571
   1.4050000   0.3416370
   1.4100000   0.3404255
   1.4150000   0.3392226
   1.4200000   0.3380282
   1.4250000   0.3368421
   1.4300000   0.3356643
   1.4350000   0.3344948
   1.4400000   0.3333333
   1.4450000   0.3321799
   1.4500000   0.3310345
   1.4550000   0.3298969
   1.4600000   0.3287671
   1.4650000   0.3276451
   1.4700000   0.3265306
   1.4750000   0.3254237
   1.4800000   0.3243243
   1.4850000   0.3232323
   1.4900000   0.3221477
   1.4950000   0.3210702
   1.5000000   0.3200000
   1.5050000   0.3189369
   1.5100000   0.3178808
   1.5150000   0.3168317
   1.5200000   0.3157895
   1.5250000   0.3147541
   1.5300000   0.3137255
   1.5350000   0.3127036
   1.5400000   0.3116883
   1.5450000   0.3106796
   1.5500000   0.3096774
   1.5550000   0.3086817
   1.5600000   0.3076923
   1.5650000   0.3067093
   1.5700000   0.3057325
   1.5750000   0.3047619
   1.5800000   0.3037975
   1.5850000   0.3028391
   1.5900000   0.3018868
   1.5950000   0.3009404
   1.6000000   0.3000000
   1.6050000   0.2990654
   1.6100000   0.2981366
   1.6150000   0.2972136
   1.6200000   0.2962963
   1.6250000   0.2953846
   1.6300000   0.2944785
   1.6350000   0.2935780
   1.6400000   0.2926829
   1.6450000   0.2917933
   1.6500000   0.2909091
   1.6550000   0.2900302
   1.6600000   0.2891566
   1.6650000   0.2882883
   1.6700000   0.2874251
   1.6750000   0.2865672
   1.6800000   0.2857143
   1.6850000   0.2848665
   1.6900000   0.2840237
   1.6950000   0.2831858
   1.7000000   0.2823529
   1.7050000   0.2815249
   1.7100000   0.2807018
   1.7150000   0.2798834
   1.7200000   0.2790698
   1.7250000   0.2782609
   1.7300000   0.2774566
   1.7350000   0.2766571
   1.7400000   0.2758621
   1.7450000   0.2750716
   1.7500000   0.2742857
   1.7550000   0.2735043
   1.7600000   0.2727273
   1.7650000   0.2719547
   1.7700000   0.2711864
   1.7750000   0.2704225
   1.7800000   0.2696629
   1.7850000   0.2689076
   1.7900000   0.2681564
   1.7950000   0.2674095
   1.8000000   0.2666667
   1.8050000   0.2659280
   1.8100000   0.2651934
   1.8150000   0.2644628
   1.8200000   0.2637363
   1.8250000   0.2630137
   1.8300000   0.2622951
   1.8350000   0.2615804
   1.8400000   0.2608696
   1.8450000   0.2601626
   1.8500000   0.2594595
   1.8550000   0.2587601
   1.8600000   0.2580645
   1.8650000   0.2573727
   1.8700000   0.2566845
   1.8750000   0.2560000
   1.8800000   0.2553191
   1.8850000   0.2546419
   1.8900000   0.2539683
   1.8950000   0.2532982
   1.9000000   0.2526316
   1.9050000   0.2519685
   1.9100000   0.2513089
   1.9150000   0.2506527
   1.9200000   0.2500000
   1.9250000   0.2493506
   1.9300000   0.2487047
   1.9350000   0.2480620
   1.9400000   0.2474227
   1.9450000   0.2467866
   1.9500000   0.2461538
   1.9550000   0.2455243
   1.9600000   0.2448980
   1.9650000   0.2442748
   1.9700000   0.2436548
   1.9750000   0.2430380
   1.9800000   0.2424242
   1.9850000   0.2418136
   1.9900000   0.2412060
   1.9950000   0.2406015
   2.0000000   0.2400000
   2.0050000   0.2394015
   2.0100000   0.2388060
   2.0150000   0.2382134
   2.0200000   0.2376238
   2.0250000   0.2370370
   2.0300000   0.2364532
   2.0350000   0.2358722
   2.0400000   0.2352941
   2.0450000   0.2347188
   2.0500000   0.2341463
   2.0550000   0.2335766
   2.0600000   0.2330097
   2.0650000   0.2324455
   2.0700000   0.2318841
   2.0750000   0.2313253
   2.0800000   0.2307692
   2.0850000   0.2302158
   2.0900000   0.2296651
   2.0950000   0.2291169
   2.1000000   0.2285714
   2.1050000   0.2280285
   2.1100000   0.2274882
   2.1150000   0.2269504
   2.1200000   0.2264151
   2.1250000   0.2258824
   2.1300000   0.2253521
   2.1350000   0.2248244
   2.1400000   0.2242991
   2.1450000   0.2237762
   2.1500000   0.2232558
   2.1550000   0.2227378
   2.1600000   0.2222222
   2.1650000   0.2217090
   2.1700000   0.2211982
   2.1750000   0.2206897
   2.1800000   0.2201835
   2.1850000   0.2196796
   2.1900000   0.2191781
   2.1950000   0.2186788
   2.2000000   0.2181818
   2.2050000   0.2176871
   2.2100000   0.2171946
   2.2150000   0.2167043
   2.2200000   0.2162162
   2.2250000   0.2157303
   2.2300000   0.2152466
   2.2350000   0.2147651
   2.2400000   0.2142857
   2.2450000   0.2138085
   2.2500000   0.2133333
   2.2550000   0.2128603
   2.2600000   0.2123894
   2.2650000   0.2119205
   2.2700000   0.2114537
   2.2750000   0.2109890
   2.2800000   0.2105263
   2.2850000   0.2100656
   2.2900000   0.2096070
   2.2950000   0.2091503
   2.3000000   0.2086957
   2.3050000   0.2082430
   2.3100000   0.2077922
   2.3150000   0.2073434
   2.3200000   0.2068966
   2.3250000   0.2064516
   2.3300000   0.2060086
   2.3350000   0.2055675
   2.3400000   0.2051282
   2.3450000   0.2046908
   2.3500000   0.2042553
   2.3550000   0.2038217
   2.3600000   0.2033898
   2.3650000   0.2029598
   2.3700000   0.2025316
   2.3750000   0.2021053
   2.3800000   0.2016807
   2.3850000   0.2012579
   2.3900000   0.2008368
   2.3950000   0.2004175
   2.4000000   0.2000000
   2.4050000   0.1995842
   2.4100000   0.1991701
   2.4150000   0.1987578
   2.4200000   0.1983471
   2.4250000   0.1979381
   2.4300000   0.1975309
   2.4350000   0.1971253
   2.4400000   0.1967213
   2.4450000   0.1963190
   2.4500000   0.1959184
   2.4550000   0.1955193
   2.4600000   0.1951220
   2.4650000   0.1947262
   2.4700000   0.1943320
   2.4750000   0.1939394
   2.4800000   0.1935484
   2.4850000   0.1931590
   2.4900000   0.1927711
   2.4950000   0.1923848
   2.5000000   0.1920000
   2.5050000   0.1916168
   2.5100000   0.1912351
   2.5150000   0.1908549
   2.5200000   0.1904762
   2.5250000   0.1900990
   2.5300000   0.1897233
   2.5350000   0.1893491
   2.5400000   0.1889764
   2.5450000   0.1886051
   2.5500000   0.1882353
   2.5550000   0.1878669
   2.5600000   0.1875000
   2.5650000   0.1871345
   2.5700000   0.1867704
   2.5750000   0.1864078
   2.5800000   0.1860465
   2.5850000   0.1856867
   2.5900000   0.1853282
   2.5950000   0.1849711
   2.6000000   0.1846154
   2.6050000   0.1842610
   2.6100000   0.1839080
   2.6150000   0.1835564
   2.6200000   0.1832061
   2.6250000   0.1828571
   2.6300000   0.1825095
   2.6350000   0.1821632
   2.6400000   0.1818182
   2.6450000   0.1814745
   2.6500000   0.1811321
   2.6550000   0.1807910
   2.6600000   0.1804511
   2.6650000   0.1801126
   2.6700000   0.1797753
   2.6750000   0.1794393
   2.6800000   0.1791045
   2.6850000   0.1787709
   2.6900000   0.1784387
   2.6950000   0.1781076
   2.7000000   0.1777778
   2.7050000   0.1774492
   2.7100000   0.1771218
   2.7150000   0.1767956
   2.7200000   0.1764706
   2.7250000   0.1761468
   2.7300000   0.1758242
   2.7350000   0.1755027
   2.7400000   0.1751825
   2.7450000   0.1748634
   2.7500000   0.1745455
   2.7550000   0.1742287
   2.7600000   0.1739130
   2.7650000   0.1735986
   2.7700000   0.1732852
   2.7750000   0.1729730
   2.7800000   0.1726619
   2.7850000   0.1723519
   2.7900000   0.1720430
   2.7950000   0.1717352
   2.8000000   0.1714286
   2.8050000   0.1711230
   2.8100000   0.1708185
   2.8150000   0.1705151
   2.8200000   0.1702128
   2.8250000   0.1699115
   2.8300000   0.1696113
   2.8350000   0.1693122
   2.8400000   0.1690141
   2.8450000   0.1687170
   2.8500000   0.1684211
   2.8550000   0.1681261
   2.8600000   0.1678322
   2.8650000   0.1675393
   2.8700000   0.1672474
   2.8750000   0.1669565
   2.8800000   0.1666667
   2.8850000   0.1663778
   2.8900000   0.1660900
   2.8950000   0.1658031
   2.9000000   0.1655172
   2.9050000   0.1652324
   2.9100000   0.1649485
   2.9150000   0.1646655
   2.9200000   0.1643836
   2.9250000   0.1641026
   2.9300000   0.1638225
   2.9350000   0.1635434
   2.9400000   0.1632653
   2.9450000   0.1629881
   2.9500000   0.1627119
   2.9550000   0.1624365
   2.9600000   0.1621622
   2.9650000   0.1618887
   2.9700000   0.1616162
   2.9750000   0.1613445
   2.9800000   0.1610738
   2.9850000   0.1608040
   2.9900000   0.1605351
   2.9950000   0.1602671
   3.0000000   0.1600000
